# sec glat glon
0 69.29406 16.01887
1 69.29411 16.01886
2 69.29432 16.01884
3 69.29469 16.01880
4 69.29525 16.01873
5 69.29599 16.01865
6 69.29687 16.01855
7 69.29775 16.01844
8 69.29861 16.01834
9 69.29944 16.01824
10 69.30026 16.01815
11 69.30106 16.01805
12 69.30185 16.01796
13 69.30261 16.01787
14 69.30337 16.01778
15 69.30411 16.01769
16 69.30483 16.01760
17 69.30555 16.01752
18 69.30625 16.01743
19 69.30695 16.01735
20 69.30764 16.01727
21 69.30833 16.01719
22 69.30901 16.01710
23 69.30968 16.01702
24 69.31035 16.01694
25 69.31113 16.01685
26 69.31220 16.01672
27 69.31362 16.01655
28 69.31542 16.01633
29 69.31761 16.01607
30 69.32016 16.01576
31 69.32285 16.01543
32 69.32550 16.01511
33 69.32813 16.01479
34 69.33073 16.01448
35 69.33340 16.01416
36 69.33625 16.01381
37 69.33932 16.01344
38 69.34263 16.01304
39 69.34619 16.01261
40 69.35003 16.01214
41 69.35414 16.01165
42 69.35851 16.01112
43 69.36316 16.01056
44 69.36807 16.00996
45 69.37327 16.00934
46 69.37874 16.00868
47 69.38448 16.00798
48 69.39051 16.00725
49 69.39681 16.00649
50 69.40339 16.00570
51 69.41025 16.00487
52 69.41739 16.00400
53 69.42481 16.00311
54 69.43250 16.00218
55 69.44045 16.00122
56 69.44869 16.00022
57 69.45722 15.99919
58 69.46606 15.99812
59 69.47522 15.99701
60 69.48468 15.99587
61 69.49443 15.99469
62 69.50446 15.99347
63 69.51472 15.99223
64 69.52506 15.99098
65 69.53540 15.98972
66 69.54574 15.98847
67 69.55608 15.98721
68 69.56642 15.98596
69 69.57676 15.98471
70 69.58709 15.98345
71 69.59743 15.98220
72 69.60776 15.98095
73 69.61810 15.97969
74 69.62842 15.97844
75 69.63875 15.97719
76 69.64907 15.97594
77 69.65939 15.97469
78 69.66970 15.97344
79 69.68001 15.97219
80 69.69031 15.97094
81 69.70061 15.96969
82 69.71090 15.96845
83 69.72119 15.96720
84 69.73147 15.96595
85 69.74184 15.96469
86 69.75243 15.96337
87 69.76328 15.96198
88 69.77442 15.96052
89 69.78587 15.95899
90 69.79764 15.95738
91 69.80975 15.95569
92 69.82219 15.95393
93 69.83498 15.95209
94 69.84812 15.95017
95 69.86164 15.94817
96 69.87553 15.94610
97 69.88982 15.94393
98 69.90452 15.94168
99 69.91964 15.93933
100 69.93522 15.93687
101 69.95129 15.93430
102 69.96789 15.93161
103 69.98506 15.92878
104 70.00289 15.92579
105 70.02109 15.92272
106 70.03928 15.91964
107 70.05745 15.91656
108 70.07561 15.91349
109 70.09375 15.91041
110 70.11186 15.90733
111 70.12996 15.90426
112 70.14805 15.90118
113 70.16611 15.89811
114 70.18415 15.89504
115 70.20218 15.89197
116 70.22019 15.88890
117 70.23818 15.88583
118 70.25615 15.88276
119 70.27410 15.87969
120 70.29204 15.87662
121 70.30996 15.87356
122 70.32786 15.87049
123 70.34574 15.86742
124 70.36361 15.86436
125 70.38145 15.86130
126 70.39928 15.85823
127 70.41710 15.85517
128 70.43489 15.85211
129 70.45267 15.84905
130 70.47043 15.84599
131 70.48818 15.84294
132 70.50590 15.83988
133 70.52361 15.83682
134 70.54130 15.83377
135 70.55898 15.83071
136 70.57664 15.82766
137 70.59428 15.82461
138 70.61191 15.82155
139 70.62952 15.81850
140 70.64711 15.81545
141 70.66469 15.81240
142 70.68225 15.80936
143 70.69979 15.80631
144 70.71732 15.80326
145 70.73483 15.80022
146 70.75232 15.79717
147 70.76980 15.79413
148 70.78727 15.79109
149 70.80471 15.78804
150 70.82215 15.78500
151 70.83956 15.78196
152 70.85696 15.77892
153 70.87435 15.77589
154 70.89171 15.77285
155 70.90907 15.76981
156 70.92641 15.76678
157 70.94373 15.76374
158 70.96103 15.76071
159 70.97833 15.75768
160 70.99560 15.75465
161 71.01286 15.75162
162 71.03011 15.74859
163 71.04734 15.74556
164 71.06456 15.74253
165 71.08176 15.73951
166 71.09895 15.73648
167 71.11612 15.73346
168 71.13328 15.73044
169 71.15042 15.72742
170 71.16755 15.72439
171 71.18466 15.72137
172 71.20176 15.71836
173 71.21884 15.71534
174 71.23591 15.71232
175 71.25297 15.70931
176 71.27001 15.70629
177 71.28704 15.70328
178 71.30405 15.70027
179 71.32105 15.69725
180 71.33804 15.69424
181 71.35501 15.69124
182 71.37197 15.68823
183 71.38891 15.68522
184 71.40584 15.68221
185 71.42276 15.67921
186 71.43966 15.67621
187 71.45655 15.67320
188 71.47343 15.67020
189 71.49029 15.66720
190 71.50714 15.66420
191 71.52397 15.66121
192 71.54079 15.65821
193 71.55760 15.65521
194 71.57440 15.65222
195 71.59118 15.64923
196 71.60795 15.64623
197 71.62471 15.64324
198 71.64145 15.64025
199 71.65818 15.63726
200 71.67490 15.63428
201 71.69160 15.63129
202 71.70829 15.62830
203 71.72497 15.62532
204 71.74164 15.62234
205 71.75829 15.61936
206 71.77494 15.61638
207 71.79157 15.61340
208 71.80818 15.61042
209 71.82479 15.60744
210 71.84138 15.60447
211 71.85796 15.60149
212 71.87453 15.59852
213 71.89108 15.59555
214 71.90762 15.59258
215 71.92415 15.58961
216 71.94067 15.58664
217 71.95718 15.58367
218 71.97368 15.58071
219 71.99016 15.57774
220 72.00663 15.57478
221 72.02309 15.57182
222 72.03954 15.56886
223 72.05597 15.56590
224 72.07240 15.56294
225 72.08881 15.55998
226 72.10521 15.55703
227 72.12160 15.55408
228 72.13798 15.55112
229 72.15435 15.54817
230 72.17071 15.54522
231 72.18705 15.54227
232 72.20338 15.53933
233 72.21971 15.53638
234 72.23602 15.53343
235 72.25232 15.53049
236 72.26861 15.52755
237 72.28488 15.52461
238 72.30115 15.52167
239 72.31741 15.51873
240 72.33365 15.51580
241 72.34989 15.51286
242 72.36611 15.50993
243 72.38233 15.50699
244 72.39853 15.50406
245 72.41472 15.50113
246 72.43090 15.49821
247 72.44707 15.49528
248 72.46323 15.49235
249 72.47938 15.48943
250 72.49552 15.48651
251 72.51165 15.48359
252 72.52777 15.48067
253 72.54388 15.47775
254 72.55998 15.47483
255 72.57607 15.47192
256 72.59214 15.46900
257 72.60821 15.46609
258 72.62427 15.46318
259 72.64032 15.46027
260 72.65636 15.45736
261 72.67239 15.45446
262 72.68841 15.45155
263 72.70441 15.44865
264 72.72041 15.44575
265 72.73640 15.44285
266 72.75238 15.43995
267 72.76835 15.43705
268 72.78431 15.43416
269 72.80027 15.43126
270 72.81621 15.42837
271 72.83214 15.42548
272 72.84806 15.42259
273 72.86398 15.41970
274 72.87988 15.41681
275 72.89577 15.41393
276 72.91166 15.41105
277 72.92754 15.40817
278 72.94340 15.40529
279 72.95926 15.40241
280 72.97511 15.39953
281 72.99095 15.39665
282 73.00678 15.39378
283 73.02261 15.39091
284 73.03842 15.38804
285 73.05422 15.38517
286 73.07002 15.38230
287 73.08581 15.37944
288 73.10159 15.37657
289 73.11736 15.37371
290 73.13312 15.37085
291 73.14887 15.36799
292 73.16461 15.36514
293 73.18035 15.36228
294 73.19608 15.35943
295 73.21179 15.35657
296 73.22750 15.35372
297 73.24321 15.35087
298 73.25890 15.34803
299 73.27459 15.34518
300 73.29026 15.34234
301 73.30593 15.33950
302 73.32159 15.33666
303 73.33724 15.33382
304 73.35289 15.33098
305 73.36853 15.32815
306 73.38415 15.32531
307 73.39977 15.32248
308 73.41539 15.31965
309 73.43099 15.31683
310 73.44659 15.31400
311 73.46218 15.31118
312 73.47776 15.30835
313 73.49333 15.30553
314 73.50890 15.30271
315 73.52446 15.29990
316 73.54001 15.29708
317 73.55555 15.29427
318 73.57109 15.29146
319 73.58661 15.28865
320 73.60214 15.28584
321 73.61765 15.28304
322 73.63315 15.28023
323 73.64865 15.27743
324 73.66414 15.27463
325 73.67963 15.27183
326 73.69511 15.26904
327 73.71058 15.26624
328 73.72604 15.26345
329 73.74149 15.26066
330 73.75694 15.25787
331 73.77238 15.25508
332 73.78782 15.25230
333 73.80324 15.24951
334 73.81867 15.24673
335 73.83408 15.24396
336 73.84949 15.24118
337 73.86489 15.23840
338 73.88028 15.23563
339 73.89566 15.23286
340 73.91104 15.23009
341 73.92642 15.22732
342 73.94178 15.22456
343 73.95714 15.22180
344 73.97250 15.21903
345 73.98784 15.21628
346 74.00318 15.21352
347 74.01852 15.21076
348 74.03384 15.20801
349 74.04917 15.20526
350 74.06448 15.20251
351 74.07979 15.19977
352 74.09509 15.19702
353 74.11039 15.19428
354 74.12568 15.19154
355 74.14096 15.18880
356 74.15624 15.18607
357 74.17151 15.18333
358 74.18677 15.18060
359 74.20203 15.17787
360 74.21728 15.17514
361 74.23253 15.17242
362 74.24777 15.16970
363 74.26301 15.16697
364 74.27824 15.16426
365 74.29346 15.16154
366 74.30868 15.15883
367 74.32389 15.15611
368 74.33910 15.15340
369 74.35430 15.15070
370 74.36949 15.14799
371 74.38468 15.14529
372 74.39987 15.14259
373 74.41505 15.13989
374 74.43022 15.13719
375 74.44539 15.13450
376 74.46055 15.13181
377 74.47570 15.12912
378 74.49086 15.12643
379 74.50600 15.12375
380 74.52114 15.12106
381 74.53628 15.11838
382 74.55141 15.11570
383 74.56653 15.11303
384 74.58165 15.11036
385 74.59677 15.10769
386 74.61187 15.10502
387 74.62698 15.10235
388 74.64208 15.09969
389 74.65717 15.09703
390 74.67226 15.09437
391 74.68735 15.09171
392 74.70243 15.08906
393 74.71750 15.08641
394 74.73257 15.08376
395 74.74763 15.08111
396 74.76269 15.07847
397 74.77775 15.07582
398 74.79280 15.07319
399 74.80785 15.07055
400 74.82289 15.06791
401 74.83792 15.06528
402 74.85296 15.06265
403 74.86798 15.06003
404 74.88301 15.05740
405 74.89802 15.05478
406 74.91304 15.05216
407 74.92805 15.04955
408 74.94305 15.04693
409 74.95805 15.04432
410 74.97305 15.04171
411 74.98804 15.03911
412 75.00303 15.03650
413 75.01801 15.03390
414 75.03299 15.03130
415 75.04797 15.02871
416 75.06294 15.02612
417 75.07791 15.02353
418 75.09287 15.02094
419 75.10783 15.01835
420 75.12278 15.01577
421 75.13774 15.01319
422 75.15268 15.01062
423 75.16763 15.00804
424 75.18257 15.00547
425 75.19750 15.00290
426 75.21243 15.00034
427 75.22736 14.99777
428 75.24228 14.99521
429 75.25720 14.99266
430 75.27212 14.99010
431 75.28703 14.98755
432 75.30194 14.98500
433 75.31685 14.98245
434 75.33175 14.97991
435 75.34665 14.97737
436 75.36154 14.97483
437 75.37644 14.97230
438 75.39132 14.96977
439 75.40621 14.96724
440 75.42109 14.96471
441 75.43597 14.96219
442 75.45084 14.95967
443 75.46571 14.95715
444 75.48058 14.95464
445 75.49545 14.95213
446 75.51031 14.94962
447 75.52517 14.94711
448 75.54002 14.94461
449 75.55487 14.94211
450 75.56972 14.93962
451 75.58457 14.93712
452 75.59941 14.93463
453 75.61425 14.93215
454 75.62909 14.92966
455 75.64392 14.92718
456 75.65875 14.92470
457 75.67358 14.92223
458 75.68841 14.91976
459 75.70323 14.91729
460 75.71805 14.91483
461 75.73287 14.91236
462 75.74768 14.90990
463 75.76249 14.90745
464 75.77730 14.90500
465 75.79211 14.90255
466 75.80691 14.90010
467 75.82171 14.89766
468 75.83651 14.89522
469 75.85131 14.89278
470 75.86610 14.89035
471 75.88089 14.88792
472 75.89568 14.88549
473 75.91047 14.88307
474 75.92525 14.88065
475 75.94003 14.87823
476 75.95481 14.87582
477 75.96959 14.87341
478 75.98436 14.87101
479 75.99913 14.86860
480 76.01390 14.86620
481 76.02867 14.86381
482 76.04344 14.86141
483 76.05820 14.85902
484 76.07296 14.85664
485 76.08772 14.85426
486 76.10248 14.85188
487 76.11724 14.84950
488 76.13199 14.84713
489 76.14674 14.84476
490 76.16149 14.84240
491 76.17624 14.84004
492 76.19099 14.83768
493 76.20573 14.83533
494 76.22047 14.83297
495 76.23521 14.83063
496 76.24995 14.82829
497 76.26469 14.82595
498 76.27943 14.82361
499 76.29416 14.82128
500 76.30889 14.81895
501 76.32362 14.81662
502 76.33835 14.81430
503 76.35308 14.81199
504 76.36781 14.80967
505 76.38253 14.80736
506 76.39725 14.80506
507 76.41198 14.80275
508 76.42670 14.80046
509 76.44142 14.79816
510 76.45613 14.79587
511 76.47085 14.79358
512 76.48557 14.79130
513 76.50028 14.78902
514 76.51499 14.78675
515 76.52970 14.78448
516 76.54441 14.78221
517 76.55912 14.77995
518 76.57383 14.77769
519 76.58854 14.77543
520 76.60325 14.77318
521 76.61795 14.77093
522 76.63266 14.76869
523 76.64736 14.76645
524 76.66206 14.76421
525 76.67676 14.76198
526 76.69146 14.75976
527 76.70616 14.75753
528 76.72086 14.75531
529 76.73556 14.75310
530 76.75026 14.75089
531 76.76495 14.74868
532 76.77965 14.74648
533 76.79434 14.74428
534 76.80904 14.74209
535 76.82373 14.73990
536 76.83843 14.73772
537 76.85312 14.73553
538 76.86781 14.73336
539 76.88250 14.73119
540 76.89720 14.72902
541 76.91189 14.72685
542 76.92658 14.72470
543 76.94127 14.72254
544 76.95596 14.72039
545 76.97065 14.71825
546 76.98534 14.71610
547 77.00002 14.71397
548 77.01471 14.71184
549 77.02940 14.70971
550 77.04409 14.70758
551 77.05878 14.70547
552 77.07347 14.70335
553 77.08815 14.70124
554 77.10284 14.69914
555 77.11753 14.69704
556 77.13222 14.69494
557 77.14691 14.69285
558 77.16159 14.69077
559 77.17628 14.68868
560 77.19097 14.68661
561 77.20566 14.68454
562 77.22035 14.68247
563 77.23504 14.68041
564 77.24972 14.67835
565 77.26441 14.67630
566 77.27910 14.67425
567 77.29379 14.67221
568 77.30848 14.67017
569 77.32317 14.66813
570 77.33786 14.66611
571 77.35255 14.66408
572 77.36725 14.66206
573 77.38194 14.66005
574 77.39663 14.65804
575 77.41132 14.65604
576 77.42602 14.65404
577 77.44071 14.65205
578 77.45541 14.65006
579 77.47010 14.64808
580 77.48480 14.64610
581 77.49949 14.64413
582 77.51419 14.64216
583 77.52889 14.64020
584 77.54359 14.63824
585 77.55829 14.63629
586 77.57299 14.63435
587 77.58769 14.63241
588 77.60239 14.63047
589 77.61710 14.62854
590 77.63180 14.62662
591 77.64651 14.62470
592 77.66121 14.62278
593 77.67592 14.62088
594 77.69063 14.61897
595 77.70534 14.61708
596 77.72005 14.61518
597 77.73476 14.61330
598 77.74947 14.61142
599 77.76419 14.60954
600 77.77890 14.60767
601 77.79362 14.60581
602 77.80834 14.60395
603 77.82306 14.60210
604 77.83778 14.60026
605 77.85250 14.59842
606 77.86722 14.59658
607 77.88195 14.59475
608 77.89668 14.59293
609 77.91140 14.59111
610 77.92613 14.58930
611 77.94086 14.58750
612 77.95560 14.58570
613 77.97033 14.58390
614 77.98507 14.58212
615 77.99980 14.58034
616 78.01454 14.57856
617 78.02929 14.57679
618 78.04403 14.57503
619 78.05877 14.57327
620 78.07352 14.57152
621 78.08827 14.56978
622 78.10302 14.56804
623 78.11777 14.56631
624 78.13252 14.56458
625 78.14728 14.56286
626 78.16204 14.56115
627 78.17680 14.55945
628 78.19156 14.55775
629 78.20632 14.55605
630 78.22109 14.55437
631 78.23586 14.55269
632 78.25063 14.55101
633 78.26540 14.54935
634 78.28018 14.54768
635 78.29495 14.54603
636 78.30973 14.54438
637 78.32452 14.54274
638 78.33930 14.54111
639 78.35409 14.53948
640 78.36887 14.53786
641 78.38367 14.53625
642 78.39846 14.53464
643 78.41326 14.53304
644 78.42806 14.53145
645 78.44286 14.52987
646 78.45766 14.52829
647 78.47247 14.52672
648 78.48728 14.52515
649 78.50209 14.52359
650 78.51690 14.52204
651 78.53172 14.52050
652 78.54654 14.51896
653 78.56136 14.51744
654 78.57619 14.51592
655 78.59102 14.51440
656 78.60585 14.51289
657 78.62068 14.51140
658 78.63552 14.50990
659 78.65036 14.50842
660 78.66520 14.50694
661 78.68005 14.50547
662 78.69490 14.50401
663 78.70975 14.50256
664 78.72461 14.50111
665 78.73947 14.49967
666 78.75433 14.49824
667 78.76919 14.49682
668 78.78406 14.49540
669 78.79893 14.49400
670 78.81381 14.49260
671 78.82869 14.49121
672 78.84357 14.48982
673 78.85845 14.48845
674 78.87334 14.48708
675 78.88823 14.48572
676 78.90313 14.48437
677 78.91803 14.48302
678 78.93293 14.48169
679 78.94784 14.48036
680 78.96275 14.47904
681 78.97766 14.47773
682 78.99258 14.47643
683 79.00750 14.47514
684 79.02242 14.47385
685 79.03735 14.47258
686 79.05228 14.47131
687 79.06722 14.47005
688 79.08216 14.46880
689 79.09710 14.46756
690 79.11205 14.46632
691 79.12700 14.46510
692 79.14195 14.46389
693 79.15691 14.46268
694 79.17188 14.46148
695 79.18684 14.46029
696 79.20182 14.45911
697 79.21679 14.45794
698 79.23177 14.45678
699 79.24676 14.45563
700 79.26174 14.45448
701 79.27674 14.45335
702 79.29173 14.45223
703 79.30673 14.45111
704 79.32174 14.45000
705 79.33675 14.44891
706 79.35176 14.44782
707 79.36678 14.44674
708 79.38181 14.44568
709 79.39683 14.44462
710 79.41187 14.44357
711 79.42690 14.44253
712 79.44194 14.44150
713 79.45699 14.44048
714 79.47204 14.43947
715 79.48710 14.43847
716 79.50216 14.43748
717 79.51722 14.43650
718 79.53229 14.43554
719 79.54737 14.43458
720 79.56245 14.43363
721 79.57753 14.43269
722 79.59262 14.43176
723 79.60771 14.43084
724 79.62281 14.42994
725 79.63792 14.42904
726 79.65303 14.42816
727 79.66814 14.42728
728 79.68326 14.42642
729 79.69839 14.42556
730 79.71352 14.42472
731 79.72865 14.42389
732 79.74379 14.42307
733 79.75894 14.42226
734 79.77409 14.42146
735 79.78925 14.42067
736 79.80441 14.41989
737 79.81958 14.41913
738 79.83475 14.41837
739 79.84993 14.41763
740 79.86511 14.41690
741 79.88030 14.41618
742 79.89550 14.41547
743 79.91070 14.41477
744 79.92590 14.41409
745 79.94111 14.41341
746 79.95633 14.41275
747 79.97156 14.41210
748 79.98679 14.41146
749 80.00202 14.41084
750 80.01726 14.41023
751 80.03251 14.40962
752 80.04776 14.40904
753 80.06302 14.40846
754 80.07829 14.40789
755 80.09356 14.40734
756 80.10883 14.40680
757 80.12412 14.40628
758 80.13941 14.40576
759 80.15470 14.40526
760 80.17000 14.40477
761 80.18531 14.40430
762 80.20063 14.40384
763 80.21595 14.40339
764 80.23127 14.40295
765 80.24661 14.40253
766 80.26195 14.40212
767 80.27729 14.40172
768 80.29265 14.40134
769 80.30801 14.40097
770 80.32337 14.40061
771 80.33875 14.40027
772 80.35412 14.39994
773 80.36951 14.39963
774 80.38490 14.39933
775 80.40030 14.39904
776 80.41571 14.39877
777 80.43112 14.39851
778 80.44654 14.39827
779 80.46197 14.39804
780 80.47740 14.39782
781 80.49284 14.39762
782 80.50829 14.39743
783 80.52375 14.39726
784 80.53921 14.39711
785 80.55468 14.39697
786 80.57015 14.39684
787 80.58564 14.39673
788 80.60113 14.39663
789 80.61662 14.39655
790 80.63213 14.39649
791 80.64764 14.39644
792 80.66316 14.39640
793 80.67869 14.39638
794 80.69422 14.39638
795 80.70977 14.39639
796 80.72532 14.39642
797 80.74087 14.39647
798 80.75644 14.39653
799 80.77201 14.39661
800 80.78759 14.39670
801 80.80318 14.39681
802 80.81878 14.39694
803 80.83438 14.39708
804 80.84999 14.39724
805 80.86561 14.39742
806 80.88124 14.39761
807 80.89687 14.39782
808 80.91252 14.39805
809 80.92817 14.39830
810 80.94383 14.39856
811 80.95949 14.39884
812 80.97517 14.39914
813 80.99085 14.39946
814 81.00655 14.39979
815 81.02225 14.40014
816 81.03795 14.40052
817 81.05367 14.40090
818 81.06940 14.40131
819 81.08513 14.40174
820 81.10087 14.40218
821 81.11662 14.40265
822 81.13238 14.40313
823 81.14815 14.40363
824 81.16393 14.40415
825 81.17971 14.40469
826 81.19551 14.40525
827 81.21131 14.40583
828 81.22712 14.40643
829 81.24294 14.40704
830 81.25877 14.40768
831 81.27461 14.40834
832 81.29046 14.40902
833 81.30631 14.40972
834 81.32218 14.41044
835 81.33805 14.41118
836 81.35394 14.41194
837 81.36983 14.41272
838 81.38573 14.41352
839 81.40164 14.41434
840 81.41756 14.41519
841 81.43349 14.41606
842 81.44943 14.41694
843 81.46538 14.41785
844 81.48134 14.41879
845 81.49731 14.41974
846 81.51328 14.42072
847 81.52927 14.42172
848 81.54527 14.42274
849 81.56127 14.42378
850 81.57729 14.42485
851 81.59331 14.42594
852 81.60935 14.42705
853 81.62539 14.42819
854 81.64145 14.42935
855 81.65751 14.43053
856 81.67359 14.43174
857 81.68967 14.43297
858 81.70577 14.43423
859 81.72188 14.43551
860 81.73799 14.43682
861 81.75412 14.43815
862 81.77025 14.43950
863 81.78640 14.44088
864 81.80256 14.44229
865 81.81872 14.44372
866 81.83490 14.44518
867 81.85109 14.44666
868 81.86729 14.44817
869 81.88350 14.44971
870 81.89972 14.45127
871 81.91595 14.45286
872 81.93219 14.45447
873 81.94844 14.45611
874 81.96470 14.45778
875 81.98098 14.45948
876 81.99726 14.46121
877 82.01356 14.46296
878 82.02986 14.46474
879 82.04618 14.46655
880 82.06251 14.46839
881 82.07885 14.47026
882 82.09520 14.47215
883 82.11156 14.47408
884 82.12794 14.47603
885 82.14432 14.47802
886 82.16072 14.48003
887 82.17713 14.48208
888 82.19355 14.48415
889 82.20998 14.48626
890 82.22642 14.48839
891 82.24287 14.49056
892 82.25934 14.49276
893 82.27582 14.49499
894 82.29231 14.49725
895 82.30881 14.49955
896 82.32532 14.50187
897 82.34185 14.50423
898 82.35838 14.50663
899 82.37493 14.50905
900 82.39149 14.51151
901 82.40807 14.51400
902 82.42465 14.51653
903 82.44125 14.51909
904 82.45786 14.52169
905 82.47448 14.52432
906 82.49112 14.52698
907 82.50777 14.52968
908 82.52442 14.53242
909 82.54110 14.53519
910 82.55778 14.53800
911 82.57448 14.54085
912 82.59119 14.54373
913 82.60791 14.54665
914 82.62465 14.54961
915 82.64140 14.55260
916 82.65816 14.55564
917 82.67493 14.55871
918 82.69172 14.56182
919 82.70852 14.56497
920 82.72534 14.56816
921 82.74216 14.57138
922 82.75900 14.57465
923 82.77586 14.57796
924 82.79272 14.58131
925 82.80960 14.58471
926 82.82650 14.58814
927 82.84341 14.59161
928 82.86033 14.59513
929 82.87726 14.59869
930 82.89421 14.60229
931 82.91117 14.60594
932 82.92815 14.60963
933 82.94514 14.61337
934 82.96214 14.61714
935 82.97916 14.62097
936 82.99619 14.62484
937 83.01324 14.62875
938 83.03030 14.63271
939 83.04737 14.63672
940 83.06446 14.64078
941 83.08156 14.64488
942 83.09868 14.64903
943 83.11581 14.65323
944 83.13296 14.65748
945 83.15012 14.66177
946 83.16729 14.66612
947 83.18448 14.67052
948 83.20169 14.67497
949 83.21890 14.67946
950 83.23614 14.68401
951 83.25339 14.68862
952 83.27065 14.69327
953 83.28793 14.69798
954 83.30523 14.70274
955 83.32254 14.70756
956 83.33986 14.71243
957 83.35720 14.71735
958 83.37456 14.72233
959 83.39193 14.72737
960 83.40931 14.73246
961 83.42671 14.73761
962 83.44413 14.74282
963 83.46156 14.74809
964 83.47901 14.75341
965 83.49648 14.75880
966 83.51396 14.76425
967 83.53145 14.76975
968 83.54897 14.77532
969 83.56649 14.78095
970 83.58404 14.78664
971 83.60160 14.79240
972 83.61918 14.79822
973 83.63677 14.80410
974 83.65438 14.81005
975 83.67200 14.81606
976 83.68965 14.82214
977 83.70731 14.82829
978 83.72498 14.83451
979 83.74267 14.84079
980 83.76038 14.84714
981 83.77811 14.85357
982 83.79585 14.86006
983 83.81361 14.86663
984 83.83139 14.87326
985 83.84918 14.87997
986 83.86699 14.88676
987 83.88482 14.89362
988 83.90267 14.90055
989 83.92053 14.90756
990 83.93841 14.91465
991 83.95631 14.92181
992 83.97422 14.92905
993 83.99216 14.93638
994 84.01011 14.94378
995 84.02808 14.95126
996 84.04606 14.95883
997 84.06407 14.96647
998 84.08209 14.97421
999 84.10013 14.98202
1000 84.11819 14.98993
1001 84.13627 14.99791
1002 84.15436 15.00599
1003 84.17248 15.01416
1004 84.19061 15.02241
1005 84.20876 15.03076
1006 84.22693 15.03919
1007 84.24512 15.04772
1008 84.26332 15.05635
1009 84.28155 15.06507
1010 84.29980 15.07388
1011 84.31806 15.08279
1012 84.33634 15.09180
1013 84.35464 15.10091
1014 84.37296 15.11012
1015 84.39130 15.11943
1016 84.40966 15.12884
1017 84.42804 15.13836
1018 84.44644 15.14798
1019 84.46486 15.15771
1020 84.48330 15.16755
1021 84.50175 15.17749
1022 84.52023 15.18755
1023 84.53873 15.19772
1024 84.55725 15.20800
1025 84.57578 15.21840
1026 84.59434 15.22891
1027 84.61292 15.23954
1028 84.63151 15.25028
1029 84.65013 15.26115
1030 84.66876 15.27214
1031 84.68742 15.28325
1032 84.70608 15.29448
1033 84.72477 15.30583
1034 84.74346 15.31730
1035 84.76215 15.32889
1036 84.78083 15.34060
1037 84.79948 15.35240
1038 84.81807 15.36428
1039 84.83653 15.37619
1040 84.85473 15.38807
1041 84.87248 15.39975
1042 84.88945 15.41104
1043 84.90524 15.42163
1044 84.91941 15.43122
1045 84.93164 15.43956
1046 84.94181 15.44655
1047 84.95005 15.45225
1048 84.95666 15.45684
1049 84.96196 15.46055
1050 84.96627 15.46358
1051 84.96984 15.46610
1052 84.97286 15.46823
1053 84.97544 15.47007
1054 84.97769 15.47167
1055 84.97967 15.47309
1056 84.98143 15.47436
1057 84.98302 15.47550
1058 84.98446 15.47655
1059 84.98578 15.47750
1060 84.98699 15.47839
1061 84.98811 15.47921
1062 84.98915 15.47997
1063 84.99012 15.48068
1064 84.99102 15.48134
1065 84.99186 15.48197
1066 84.99265 15.48255
1067 84.99338 15.48310
1068 84.99407 15.48361
1069 84.99472 15.48410
1070 84.99533 15.48456
1071 84.99590 15.48499
1072 84.99643 15.48539
1073 84.99693 15.48577
1074 84.99741 15.48613
1075 84.99785 15.48647
1076 84.99827 15.48679
1077 84.99866 15.48709
1078 84.99902 15.48737
1079 84.99937 15.48764
1080 84.99969 15.48789
1081 85.00000 15.48813
1082 85.00028 15.48835
1083 85.00055 15.48856
1084 85.00080 15.48876
1085 85.00104 15.48894
1086 85.00126 15.48912
