# sec glat glon
0 69.29422 16.01925
1 69.29427 16.01924
2 69.29447 16.01921
3 69.29482 16.01916
4 69.29536 16.01908
5 69.29608 16.01897
6 69.29693 16.01884
7 69.29778 16.01872
8 69.29862 16.01859
9 69.29944 16.01846
10 69.30024 16.01834
11 69.30103 16.01822
12 69.30181 16.01810
13 69.30257 16.01799
14 69.30333 16.01787
15 69.30407 16.01776
16 69.30480 16.01765
17 69.30552 16.01753
18 69.30624 16.01742
19 69.30694 16.01732
20 69.30765 16.01721
21 69.30834 16.01710
22 69.30903 16.01699
23 69.30972 16.01689
24 69.31040 16.01678
25 69.31108 16.01668
26 69.31176 16.01657
27 69.31244 16.01647
28 69.31311 16.01636
29 69.31391 16.01624
30 69.31503 16.01607
31 69.31656 16.01583
32 69.31852 16.01553
33 69.32093 16.01515
34 69.32377 16.01472
35 69.32676 16.01425
36 69.32971 16.01380
37 69.33264 16.01334
38 69.33562 16.01289
39 69.33876 16.01240
40 69.34209 16.01189
41 69.34560 16.01135
42 69.34929 16.01078
43 69.35318 16.01018
44 69.35725 16.00955
45 69.36151 16.00890
46 69.36597 16.00821
47 69.37063 16.00749
48 69.37549 16.00675
49 69.38057 16.00597
50 69.38587 16.00515
51 69.39140 16.00431
52 69.39718 16.00342
53 69.40320 16.00250
54 69.40949 16.00153
55 69.41605 16.00053
56 69.42288 15.99948
57 69.43001 15.99839
58 69.43743 15.99725
59 69.44517 15.99607
60 69.45323 15.99484
61 69.46162 15.99356
62 69.47033 15.99222
63 69.47939 15.99084
64 69.48878 15.98940
65 69.49853 15.98791
66 69.50862 15.98637
67 69.51904 15.98478
68 69.52977 15.98314
69 69.54079 15.98146
70 69.55202 15.97974
71 69.56339 15.97800
72 69.57480 15.97626
73 69.58620 15.97452
74 69.59759 15.97278
75 69.60897 15.97104
76 69.62035 15.96931
77 69.63172 15.96757
78 69.64309 15.96584
79 69.65445 15.96411
80 69.66580 15.96237
81 69.67715 15.96064
82 69.68849 15.95892
83 69.69983 15.95719
84 69.71116 15.95546
85 69.72248 15.95374
86 69.73380 15.95202
87 69.74511 15.95029
88 69.75642 15.94857
89 69.76772 15.94685
90 69.77902 15.94514
91 69.79031 15.94342
92 69.80160 15.94171
93 69.81288 15.93999
94 69.82415 15.93828
95 69.83542 15.93657
96 69.84669 15.93486
97 69.85795 15.93316
98 69.86920 15.93145
99 69.88045 15.92975
100 69.89169 15.92804
101 69.90293 15.92634
102 69.91417 15.92464
103 69.92539 15.92295
104 69.93662 15.92125
105 69.94784 15.91955
106 69.95905 15.91786
107 69.97026 15.91617
108 69.98156 15.91444
109 69.99311 15.91264
110 70.00494 15.91073
111 70.01708 15.90873
112 70.02956 15.90661
113 70.04238 15.90439
114 70.05556 15.90206
115 70.06910 15.89963
116 70.08300 15.89709
117 70.09728 15.89445
118 70.11195 15.89171
119 70.12701 15.88887
120 70.14248 15.88592
121 70.15837 15.88286
122 70.17470 15.87970
123 70.19150 15.87642
124 70.20879 15.87301
125 70.22662 15.86946
126 70.24501 15.86577
127 70.26405 15.86191
128 70.28346 15.85795
129 70.30286 15.85398
130 70.32225 15.85001
131 70.34163 15.84605
132 70.36099 15.84208
133 70.38034 15.83812
134 70.39967 15.83415
135 70.41899 15.83019
136 70.43830 15.82622
137 70.45759 15.82226
138 70.47687 15.81829
139 70.49613 15.81433
140 70.51539 15.81037
141 70.53462 15.80640
142 70.55385 15.80244
143 70.57306 15.79848
144 70.59225 15.79451
145 70.61144 15.79055
146 70.63061 15.78659
147 70.64976 15.78263
148 70.66891 15.77866
149 70.68804 15.77470
150 70.70716 15.77074
151 70.72626 15.76678
152 70.74535 15.76282
153 70.76443 15.75886
154 70.78350 15.75490
155 70.80255 15.75094
156 70.82159 15.74698
157 70.84062 15.74302
158 70.85963 15.73906
159 70.87864 15.73510
160 70.89763 15.73114
161 70.91660 15.72718
162 70.93557 15.72322
163 70.95452 15.71927
164 70.97346 15.71531
165 70.99239 15.71135
166 71.01131 15.70739
167 71.03021 15.70344
168 71.04911 15.69948
169 71.06799 15.69552
170 71.08686 15.69157
171 71.10571 15.68761
172 71.12456 15.68366
173 71.14339 15.67970
174 71.16222 15.67575
175 71.18103 15.67179
176 71.19983 15.66784
177 71.21861 15.66388
178 71.23739 15.65993
179 71.25616 15.65598
180 71.27491 15.65202
181 71.29365 15.64807
182 71.31238 15.64412
183 71.33110 15.64016
184 71.34981 15.63621
185 71.36851 15.63226
186 71.38720 15.62831
187 71.40588 15.62436
188 71.42454 15.62041
189 71.44320 15.61645
190 71.46184 15.61250
191 71.48047 15.60855
192 71.49910 15.60460
193 71.51771 15.60065
194 71.53631 15.59670
195 71.55490 15.59276
196 71.57349 15.58881
197 71.59206 15.58486
198 71.61062 15.58091
199 71.62917 15.57696
200 71.64771 15.57301
201 71.66624 15.56907
202 71.68476 15.56512
203 71.70327 15.56117
204 71.72177 15.55723
205 71.74026 15.55328
206 71.75874 15.54933
207 71.77721 15.54539
208 71.79567 15.54144
209 71.81412 15.53750
210 71.83257 15.53355
211 71.85100 15.52961
212 71.86942 15.52567
213 71.88783 15.52172
214 71.90624 15.51778
215 71.92463 15.51384
216 71.94302 15.50989
217 71.96139 15.50595
218 71.97976 15.50201
219 71.99812 15.49807
220 72.01647 15.49413
221 72.03481 15.49018
222 72.05314 15.48624
223 72.07146 15.48230
224 72.08977 15.47836
225 72.10808 15.47442
226 72.12637 15.47048
227 72.14466 15.46655
228 72.16293 15.46261
229 72.18120 15.45867
230 72.19946 15.45473
231 72.21772 15.45079
232 72.23596 15.44685
233 72.25419 15.44292
234 72.27242 15.43898
235 72.29064 15.43504
236 72.30885 15.43111
237 72.32705 15.42717
238 72.34524 15.42324
239 72.36343 15.41930
240 72.38161 15.41537
241 72.39978 15.41143
242 72.41794 15.40750
243 72.43609 15.40356
244 72.45424 15.39963
245 72.47237 15.39570
246 72.49050 15.39176
247 72.50863 15.38783
248 72.52674 15.38390
249 72.54485 15.37997
250 72.56295 15.37604
251 72.58104 15.37211
252 72.59912 15.36818
253 72.61720 15.36425
254 72.63527 15.36032
255 72.65333 15.35639
256 72.67138 15.35246
257 72.68943 15.34853
258 72.70747 15.34460
259 72.72550 15.34067
260 72.74353 15.33674
261 72.76155 15.33282
262 72.77956 15.32889
263 72.79756 15.32496
264 72.81556 15.32104
265 72.83355 15.31711
266 72.85153 15.31319
267 72.86951 15.30926
268 72.88748 15.30534
269 72.90545 15.30141
270 72.92340 15.29749
271 72.94135 15.29356
272 72.95930 15.28964
273 72.97723 15.28572
274 72.99516 15.28180
275 73.01309 15.27787
276 73.03101 15.27395
277 73.04892 15.27003
278 73.06682 15.26611
279 73.08472 15.26219
280 73.10261 15.25827
281 73.12050 15.25435
282 73.13838 15.25043
283 73.15626 15.24651
284 73.17412 15.24259
285 73.19199 15.23868
286 73.20984 15.23476
287 73.22769 15.23084
288 73.24554 15.22692
289 73.26338 15.22301
290 73.28121 15.21909
291 73.29904 15.21518
292 73.31686 15.21126
293 73.33467 15.20735
294 73.35248 15.20343
295 73.37029 15.19952
296 73.38809 15.19560
297 73.40588 15.19169
298 73.42367 15.18778
299 73.44145 15.18387
300 73.45923 15.17996
301 73.47701 15.17604
302 73.49477 15.17213
303 73.51253 15.16822
304 73.53029 15.16431
305 73.54804 15.16040
306 73.56579 15.15649
307 73.58353 15.15258
308 73.60127 15.14868
309 73.61900 15.14477
310 73.63673 15.14086
311 73.65445 15.13695
312 73.67217 15.13305
313 73.68988 15.12914
314 73.70759 15.12524
315 73.72529 15.12133
316 73.74299 15.11743
317 73.76068 15.11352
318 73.77837 15.10962
319 73.79606 15.10571
320 73.81374 15.10181
321 73.83141 15.09791
322 73.84909 15.09401
323 73.86675 15.09011
324 73.88442 15.08621
325 73.90207 15.08230
326 73.91973 15.07840
327 73.93738 15.07450
328 73.95503 15.07061
329 73.97267 15.06671
330 73.99031 15.06281
331 74.00794 15.05891
332 74.02557 15.05501
333 74.04320 15.05112
334 74.06082 15.04722
335 74.07844 15.04333
336 74.09605 15.03943
337 74.11366 15.03554
338 74.13127 15.03164
339 74.14887 15.02775
340 74.16647 15.02385
341 74.18407 15.01996
342 74.20166 15.01607
343 74.21925 15.01218
344 74.23684 15.00829
345 74.25442 15.00440
346 74.27200 15.00051
347 74.28958 14.99662
348 74.30715 14.99273
349 74.32472 14.98884
350 74.34228 14.98495
351 74.35985 14.98106
352 74.37741 14.97717
353 74.39496 14.97329
354 74.41252 14.96940
355 74.43007 14.96552
356 74.44761 14.96163
357 74.46516 14.95775
358 74.48270 14.95386
359 74.50024 14.94998
360 74.51778 14.94610
361 74.53531 14.94221
362 74.55284 14.93833
363 74.57037 14.93445
364 74.58789 14.93057
365 74.60542 14.92669
366 74.62294 14.92281
367 74.64045 14.91893
368 74.65797 14.91505
369 74.67548 14.91118
370 74.69299 14.90730
371 74.71050 14.90342
372 74.72800 14.89955
373 74.74551 14.89567
374 74.76301 14.89179
375 74.78051 14.88792
376 74.79800 14.88405
377 74.81550 14.88017
378 74.83299 14.87630
379 74.85048 14.87243
380 74.86797 14.86856
381 74.88546 14.86469
382 74.90294 14.86081
383 74.92042 14.85695
384 74.93790 14.85308
385 74.95538 14.84921
386 74.97286 14.84534
387 74.99034 14.84147
388 75.00781 14.83760
389 75.02528 14.83374
390 75.04275 14.82987
391 75.06022 14.82601
392 75.07769 14.82214
393 75.09516 14.81828
394 75.11262 14.81442
395 75.13008 14.81055
396 75.14754 14.80669
397 75.16501 14.80283
398 75.18246 14.79897
399 75.19992 14.79511
400 75.21738 14.79125
401 75.23483 14.78739
402 75.25229 14.78353
403 75.26974 14.77968
404 75.28719 14.77582
405 75.30465 14.77196
406 75.32210 14.76811
407 75.33954 14.76425
408 75.35699 14.76040
409 75.37444 14.75655
410 75.39189 14.75269
411 75.40933 14.74884
412 75.42678 14.74499
413 75.44422 14.74114
414 75.46167 14.73729
415 75.47911 14.73344
416 75.49655 14.72959
417 75.51400 14.72574
418 75.53144 14.72190
419 75.54888 14.71805
420 75.56632 14.71420
421 75.58376 14.71036
422 75.60120 14.70651
423 75.61864 14.70267
424 75.63608 14.69883
425 75.65352 14.69498
426 75.67096 14.69114
427 75.68840 14.68730
428 75.70584 14.68346
429 75.72327 14.67962
430 75.74071 14.67578
431 75.75815 14.67194
432 75.77559 14.66811
433 75.79303 14.66427
434 75.81047 14.66043
435 75.82791 14.65660
436 75.84535 14.65276
437 75.86279 14.64893
438 75.88023 14.64510
439 75.89767 14.64127
440 75.91511 14.63743
441 75.93255 14.63360
442 75.94999 14.62977
443 75.96743 14.62594
444 75.98487 14.62212
445 76.00232 14.61829
446 76.01976 14.61446
447 76.03720 14.61064
448 76.05465 14.60681
449 76.07210 14.60299
450 76.08954 14.59916
451 76.10699 14.59534
452 76.12444 14.59152
453 76.14189 14.58770
454 76.15934 14.58388
455 76.17679 14.58006
456 76.19424 14.57624
457 76.21169 14.57242
458 76.22915 14.56860
459 76.24660 14.56479
460 76.26406 14.56097
461 76.28151 14.55716
462 76.29897 14.55334
463 76.31643 14.54953
464 76.33389 14.54572
465 76.35136 14.54191
466 76.36882 14.53810
467 76.38629 14.53429
468 76.40375 14.53048
469 76.42122 14.52667
470 76.43869 14.52286
471 76.45616 14.51906
472 76.47364 14.51525
473 76.49111 14.51145
474 76.50859 14.50765
475 76.52606 14.50384
476 76.54354 14.50004
477 76.56103 14.49624
478 76.57851 14.49244
479 76.59600 14.48864
480 76.61348 14.48485
481 76.63097 14.48105
482 76.64846 14.47725
483 76.66596 14.47346
484 76.68345 14.46966
485 76.70095 14.46587
486 76.71845 14.46208
487 76.73595 14.45829
488 76.75346 14.45450
489 76.77097 14.45071
490 76.78847 14.44692
491 76.80599 14.44313
492 76.82350 14.43934
493 76.84102 14.43556
494 76.85854 14.43177
495 76.87606 14.42799
496 76.89358 14.42421
497 76.91111 14.42042
498 76.92864 14.41664
499 76.94617 14.41286
500 76.96370 14.40909
501 76.98124 14.40531
502 76.99878 14.40153
503 77.01633 14.39776
504 77.03387 14.39398
505 77.05142 14.39021
506 77.06897 14.38643
507 77.08653 14.38266
508 77.10409 14.37889
509 77.12165 14.37512
510 77.13921 14.37136
511 77.15678 14.36759
512 77.17435 14.36382
513 77.19193 14.36006
514 77.20950 14.35629
515 77.22709 14.35253
516 77.24467 14.34877
517 77.26226 14.34501
518 77.27985 14.34125
519 77.29744 14.33749
520 77.31504 14.33373
521 77.33264 14.32997
522 77.35025 14.32622
523 77.36786 14.32247
524 77.38547 14.31871
525 77.40309 14.31496
526 77.42071 14.31121
527 77.43833 14.30746
528 77.45596 14.30371
529 77.47359 14.29996
530 77.49123 14.29622
531 77.50887 14.29247
532 77.52652 14.28873
533 77.54416 14.28499
534 77.56182 14.28125
535 77.57947 14.27751
536 77.59714 14.27377
537 77.61480 14.27003
538 77.63247 14.26629
539 77.65014 14.26256
540 77.66782 14.25882
541 77.68551 14.25509
542 77.70319 14.25136
543 77.72088 14.24763
544 77.73858 14.24390
545 77.75628 14.24017
546 77.77399 14.23645
547 77.79170 14.23272
548 77.80941 14.22900
549 77.82713 14.22528
550 77.84486 14.22155
551 77.86259 14.21783
552 77.88032 14.21412
553 77.89806 14.21040
554 77.91581 14.20668
555 77.93356 14.20297
556 77.95131 14.19925
557 77.96907 14.19554
558 77.98684 14.19183
559 78.00461 14.18812
560 78.02238 14.18442
561 78.04016 14.18071
562 78.05795 14.17700
563 78.07574 14.17330
564 78.09354 14.16960
565 78.11134 14.16590
566 78.12915 14.16220
567 78.14696 14.15850
568 78.16478 14.15480
569 78.18260 14.15111
570 78.20043 14.14741
571 78.21827 14.14372
572 78.23611 14.14003
573 78.25396 14.13634
574 78.27181 14.13265
575 78.28967 14.12897
576 78.30754 14.12528
577 78.32541 14.12160
578 78.34329 14.11792
579 78.36117 14.11424
580 78.37906 14.11056
581 78.39696 14.10688
582 78.41486 14.10321
583 78.43277 14.09953
584 78.45068 14.09586
585 78.46860 14.09219
586 78.48653 14.08852
587 78.50446 14.08485
588 78.52240 14.08119
589 78.54035 14.07752
590 78.55830 14.07386
591 78.57626 14.07020
592 78.59423 14.06654
593 78.61221 14.06288
594 78.63019 14.05923
595 78.64817 14.05557
596 78.66617 14.05192
597 78.68417 14.04827
598 78.70218 14.04462
599 78.72019 14.04097
600 78.73821 14.03733
601 78.75624 14.03368
602 78.77428 14.03004
603 78.79232 14.02640
604 78.81037 14.02276
605 78.82843 14.01912
606 78.84650 14.01549
607 78.86457 14.01185
608 78.88265 14.00822
609 78.90074 14.00459
610 78.91883 14.00096
611 78.93694 13.99734
612 78.95505 13.99371
613 78.97316 13.99009
614 78.99129 13.98647
615 79.00942 13.98285
616 79.02756 13.97924
617 79.04571 13.97562
618 79.06387 13.97201
619 79.08204 13.96840
620 79.10021 13.96479
621 79.11839 13.96118
622 79.13658 13.95758
623 79.15478 13.95397
624 79.17298 13.95037
625 79.19120 13.94677
626 79.20942 13.94318
627 79.22765 13.93958
628 79.24589 13.93599
629 79.26414 13.93240
630 79.28239 13.92881
631 79.30066 13.92522
632 79.31893 13.92164
633 79.33721 13.91805
634 79.35550 13.91447
635 79.37380 13.91090
636 79.39211 13.90732
637 79.41043 13.90375
638 79.42875 13.90017
639 79.44709 13.89660
640 79.46543 13.89304
641 79.48378 13.88947
642 79.50214 13.88591
643 79.52051 13.88235
644 79.53889 13.87879
645 79.55728 13.87524
646 79.57568 13.87168
647 79.59409 13.86813
648 79.61251 13.86458
649 79.63094 13.86103
650 79.64937 13.85749
651 79.66782 13.85395
652 79.68627 13.85041
653 79.70474 13.84687
654 79.72322 13.84334
655 79.74170 13.83981
656 79.76019 13.83628
657 79.77870 13.83275
658 79.79721 13.82922
659 79.81574 13.82570
660 79.83427 13.82218
661 79.85282 13.81866
662 79.87137 13.81515
663 79.88994 13.81164
664 79.90851 13.80813
665 79.92710 13.80462
666 79.94570 13.80112
667 79.96430 13.79762
668 79.98292 13.79412
669 80.00155 13.79062
670 80.02019 13.78713
671 80.03883 13.78364
672 80.05749 13.78015
673 80.07616 13.77666
674 80.09485 13.77318
675 80.11354 13.76970
676 80.13224 13.76623
677 80.15095 13.76275
678 80.16968 13.75928
679 80.18842 13.75581
680 80.20716 13.75235
681 80.22592 13.74889
682 80.24469 13.74543
683 80.26347 13.74197
684 80.28226 13.73852
685 80.30107 13.73507
686 80.31988 13.73162
687 80.33871 13.72818
688 80.35755 13.72473
689 80.37640 13.72130
690 80.39526 13.71786
691 80.41414 13.71443
692 80.43302 13.71100
693 80.45192 13.70758
694 80.47083 13.70415
695 80.48975 13.70074
696 80.50868 13.69732
697 80.52763 13.69391
698 80.54659 13.69050
699 80.56556 13.68709
700 80.58454 13.68369
701 80.60354 13.68029
702 80.62254 13.67690
703 80.64156 13.67350
704 80.66060 13.67012
705 80.67964 13.66673
706 80.69870 13.66335
707 80.71777 13.65997
708 80.73685 13.65660
709 80.75595 13.65323
710 80.77506 13.64986
711 80.79418 13.64649
712 80.81332 13.64313
713 80.83246 13.63978
714 80.85163 13.63643
715 80.87080 13.63308
716 80.88999 13.62973
717 80.90919 13.62639
718 80.92840 13.62306
719 80.94763 13.61972
720 80.96688 13.61639
721 80.98613 13.61307
722 81.00540 13.60975
723 81.02468 13.60643
724 81.04398 13.60312
725 81.06329 13.59981
726 81.08262 13.59650
727 81.10196 13.59320
728 81.12131 13.58990
729 81.14068 13.58661
730 81.16006 13.58332
731 81.17945 13.58004
732 81.19886 13.57676
733 81.21829 13.57349
734 81.23773 13.57021
735 81.25718 13.56695
736 81.27665 13.56369
737 81.29613 13.56043
738 81.31563 13.55718
739 81.33514 13.55393
740 81.35467 13.55068
741 81.37421 13.54745
742 81.39377 13.54421
743 81.41334 13.54098
744 81.43293 13.53776
745 81.45253 13.53454
746 81.47215 13.53132
747 81.49178 13.52811
748 81.51143 13.52491
749 81.53110 13.52171
750 81.55078 13.51851
751 81.57047 13.51532
752 81.59018 13.51214
753 81.60991 13.50896
754 81.62966 13.50578
755 81.64941 13.50261
756 81.66919 13.49945
757 81.68898 13.49629
758 81.70879 13.49314
759 81.72861 13.48999
760 81.74845 13.48685
761 81.76831 13.48371
762 81.78818 13.48058
763 81.80807 13.47746
764 81.82797 13.47434
765 81.84789 13.47123
766 81.86782 13.46813
767 81.88777 13.46503
768 81.90773 13.46194
769 81.92771 13.45886
770 81.94769 13.45578
771 81.96768 13.45271
772 81.98767 13.44965
773 82.00766 13.44660
774 82.02763 13.44356
775 82.04757 13.44054
776 82.06744 13.43753
777 82.08720 13.43456
778 82.10677 13.43162
779 82.12605 13.42873
780 82.14486 13.42592
781 82.16301 13.42322
782 82.18024 13.42067
783 82.19627 13.41831
784 82.21084 13.41617
785 82.22376 13.41428
786 82.23497 13.41265
787 82.24454 13.41127
788 82.25267 13.41011
789 82.25959 13.40912
790 82.26553 13.40828
791 82.27068 13.40756
792 82.27518 13.40693
793 82.27914 13.40638
794 82.28266 13.40590
795 82.28582 13.40547
796 82.28866 13.40509
797 82.29123 13.40474
798 82.29359 13.40443
799 82.29575 13.40415
800 82.29774 13.40389
801 82.29959 13.40365
802 82.30132 13.40343
803 82.30293 13.40323
804 82.30444 13.40304
